# This was extracted from the physical robot through
# `roslaunch ur_calibration calibration_correction.launch`
kinematics:
  shoulder:
    x: 0
    y: 0
    z: 0.16255194936954001
    roll: -0
    pitch: 0
    yaw: 6.5176782582110349e-09
  upper_arm:
    x: 0.00017633281638345446
    y: 0
    z: 0
    roll: 1.571049621366859
    pitch: 0
    yaw: 4.1027917954357264e-06
  forearm:
    x: -0.42507411305917414
    y: 0
    z: 0
    roll: 3.1409684945380465
    pitch: -3.1414629705031252
    yaw: -3.1415913667068049
  wrist_1:
    x: -0.39227981068741574
    y: -0.0010591080056578188
    z: 0.13328425315731332
    roll: 0.0079460678196020575
    pitch: -0.00012154997533656013
    yaw: -4.2244897720162102e-06
  wrist_2:
    x: -0.00016549115882340316
    y: -0.099577825496371022
    z: 5.6008682471807959e-05
    roll: 1.5702338654608972
    pitch: 0
    yaw: 3.0489132378172523e-07
  wrist_3:
    x: 4.8437236975832292e-05
    y: 0.099437508197455698
    z: 1.9507984102193143e-05
    roll: 1.5709925101486988
    pitch: 3.1415926535897931
    yaw: -3.141592508506073
  hash: calib_6316002192365981810